image_width: 1600
image_height: 1200
camera_name: left_camera
camera_matrix:
  rows: 3
  cols: 3
  data: [593.895401, 0.000000, 781.839098,
         0.000000, 592.769824, 595.368564,
         0.000000, 0.000000, 1.000000]
distortion_model: plumb_bob  # radtanと実質同等です
distortion_coefficients:
  rows: 1
  cols: 5
  data: [-0.00131394, -0.01577758, 0.00073986, -0.00030700, 0.000000]
rectification_matrix:
  rows: 3
  cols: 3
  data: [1.000000, 0.000000, 0.000000,
         0.000000, 1.000000, 0.000000,
         0.000000, 0.000000, 1.000000]
projection_matrix:
  rows: 3
  cols: 4
  data: [593.895401, 0.000000, 781.839098, 0.000000,
         0.000000, 592.769824, 595.368564, 0.000000,
         0.000000, 0.000000, 1.000000, 0.000000]