image_width: 320
image_height: 240
camera_name: left
camera_matrix:
  rows: 3
  cols: 3
  data: [118.959009, 0.000000, 157.183071,
         0.000000, 118.854853, 119.243456,
         0.000000, 0.000000, 1.000000]
distortion_model: plumb_bob
distortion_coefficients:
  rows: 1
  cols: 5
  data: [-0.00087872, -0.0149893, 0.00035301, 0.00101426, 0.000000]
rectification_matrix:
  rows: 3
  cols: 3
  data: [1.000000, 0.000000, 0.000000,
         0.000000, 1.000000, 0.000000,
         0.000000, 0.000000, 1.000000]
projection_matrix:
  rows: 3
  cols: 4
  data: [118.959009, 0.000000, 157.183071, 0.000000,
         0.000000, 118.854853, 119.243456, 0.000000,
         0.000000, 0.000000, 1.000000, 0.000000]