image_width: 1600
image_height: 1200
camera_name: right_camera
camera_matrix:
  rows: 3
  cols: 3
  data: [594.963333, 0.000000, 794.751064,
         0.000000, 593.739491, 620.110986,
         0.000000, 0.000000, 1.000000]
distortion_model: plumb_bob
distortion_coefficients:
  rows: 1
  cols: 5
  data: [-0.00308797, -0.01508450, 0.00072949, -0.00012724, 0.000000]
rectification_matrix:
  rows: 3
  cols: 3
  data: [1.000000, 0.000000, 0.000000,
         0.000000, 1.000000, 0.000000,
         0.000000, 0.000000, 1.000000]
projection_matrix:
  rows: 3
  cols: 4
  data: [594.963333, 0.000000, 794.751064, -34.982613,
         0.000000, 593.739491, 620.110986, 0.000000,
         0.000000, 0.000000, 1.000000, 0.000000]