image_width: 1280
image_height: 720
camera_name: right_camera
camera_matrix:
  rows: 3
  cols: 3
  data: [489.599005, 0.000000, 640.899797,
         0.000000, 489.922126, 378.482658,
         0.000000, 0.000000, 1.000000]
distortion_model: plumb_bob
distortion_coefficients:
  rows: 1
  cols: 5
  data: [0.010125, -0.021034, 0.000879, 0.003175, 0.000000]
rectification_matrix:
  rows: 3
  cols: 3
  data: [0.999359, 0.005560, -0.035359,
         -0.005253, 0.999948, 0.008770,
         0.035406, -0.008578, 0.999336]
projection_matrix:
  rows: 3
  cols: 4
  data: [519.292153, 0.000000, 716.214737, -30.791033,
         0.000000, 519.292153, 385.428020, 0.000000,
         0.000000, 0.000000, 1.000000, 0.000000]