image_width: 320
image_height: 240
camera_name: right_camera
camera_matrix:
  rows: 3
  cols: 3
  data: [118.992667, 0.000000, 158.950213,
         0.000000, 118.747898, 124.022197,
         0.000000, 0.000000, 1.000000]
distortion_model: plumb_bob
distortion_coefficients:
  rows: 1
  cols: 5
  data: [-0.00308797, -0.01508450, 0.00072949, -0.00012724, 0.000000]
rectification_matrix:
  rows: 3
  cols: 3
  data: [1.000000, 0.000000, 0.000000,
         0.000000, 1.000000, 0.000000,
         0.000000, 0.000000, 1.000000]
projection_matrix:
  rows: 3
  cols: 4
  data: [118.992667, 0.000000, 158.950213, -6.996523,
         0.000000, 118.747898, 124.022197, 0.000000,
         0.000000, 0.000000, 1.000000, 0.000000]