image_width: 320
image_height: 240
camera_name: left_camera
camera_matrix:
  rows: 3
  cols: 3
  data: [119.055918, 0.000000, 155.842912,
         0.000000, 118.681816, 119.861182,
         0.000000, 0.000000, 1.000000]
distortion_model: plumb_bob
distortion_coefficients:
  rows: 1
  cols: 5
  data: [0.000573, -0.015056, 0.001857, -0.002452, 0.000000]
rectification_matrix:
  rows: 3
  cols: 3
  data: [1.0, 0.0, 0.0,
         0.0, 1.0, 0.0,
         0.0, 0.0, 1.0]
projection_matrix:
  rows: 3
  cols: 4
  data: [119.055918, 0.000000, 155.842912, 0.000000,
         0.000000, 118.681816, 119.861182, 0.000000,
         0.000000, 0.000000, 1.000000, 0.000000]