image_width: 1600
image_height: 1200
camera_name: right
camera_matrix:
  rows: 3
  cols: 3
  data: [596.321339, 0.000000, 798.191753,
         0.000000, 595.557614, 620.785970,
         0.000000, 0.000000, 1.000000]
distortion_model: plumb_bob
distortion_coefficients:
  rows: 1
  cols: 5
  data: [-0.0014253, -0.01510748, 0.00015502, 0.00110284, 0.000000]
rectification_matrix:
  rows: 3
  cols: 3
  data: [1.000000, 0.000000, 0.000000,
         0.000000, 1.000000, 0.000000,
         0.000000, 0.000000, 1.000000]
projection_matrix:
  rows: 3
  cols: 4
  data: [596.321339, 0.000000, 798.191753, -30.723140,
         0.000000, 595.557614, 620.785970, 0.000000,
         0.000000, 0.000000, 1.000000, 0.000000]