image_width: 320
image_height: 240
camera_name: right_camera
camera_matrix:
  rows: 3
  cols: 3
  data: [118.992667, 0.000000, 158.950213,
         0.000000, 118.747898, 124.022197,
         0.000000, 0.000000, 1.000000]
distortion_model: plumb_bob
distortion_coefficients:
  rows: 1
  cols: 5
  data: [-0.00308797, -0.01508450, 0.00072949, -0.00012724, 0.000000]
rectification_matrix:
  rows: 3
  cols: 3
  data: [0.999936, 0.003231, -0.010834,
         -0.003166, 0.999977, 0.006055,
         0.010853, -0.006020, 0.999923]
projection_matrix:
  rows: 3
  cols: 4
  data: [124.913834, 0.000000, 156.149153, -7.345172,
         0.000000, 124.913834, 121.559589, 0.000000,
         0.000000, 0.000000, 1.000000, 0.000000]