image_width: 320
image_height: 240
camera_name: right_camera
camera_matrix:
  rows: 3
  cols: 3
  data: [119.264268, 0.000000, 159.638351,
         0.000000, 119.111523, 124.157194,
         0.000000, 0.000000, 1.000000]
distortion_model: plumb_bob
distortion_coefficients:
  rows: 1
  cols: 5
  data: [-0.0014253, -0.01510748, 0.00015502, 0.00110284, 0.000000]
rectification_matrix:
  rows: 3
  cols: 3
  data: [1.000000, 0.000000, 0.000000,
         0.000000, 1.000000, 0.000000,
         0.000000, 0.000000, 1.000000]
projection_matrix:
  rows: 3
  cols: 4
  data: [119.264268, 0.000000, 159.638351, -6.144628,
         0.000000, 119.111523, 124.157194, 0.000000,
         0.000000, 0.000000, 1.000000, 0.000000]