image_width: 640
image_height: 480
camera_name: elp_right
camera_matrix:
  rows: 3
  cols: 3
  data: [239.654630, 0.000000, 314.575160,
         0.000000, 239.569925, 260.664692,
         0.000000, 0.000000, 1.000000]
distortion_model: plumb_bob
distortion_coefficients:
  rows: 1
  cols: 5
  data: [-0.001430, -0.012879, -0.000246, -0.001006, 0.000000]
rectification_matrix:
  rows: 3
  cols: 3
  data: [0.999306, -0.000229, -0.037236,
         0.000456, 0.999981, 0.006083,
         0.037234, -0.006096, 0.999288]
projection_matrix:
  rows: 3
  cols: 4
  data: [268.927077, 0.000000, 367.244946, -16.030593,
         0.000000, 268.927077, 271.550426, 0.000000,
         0.000000, 0.000000, 1.000000, 0.000000]