image_width: 320
image_height: 240
camera_name: right_camera
camera_matrix:
  rows: 3
  cols: 3
  data: [119.771254, 0.000000, 157.832775,
         0.000000, 119.780684, 129.909162,
         0.000000, 0.000000, 1.000000]
distortion_model: plumb_bob
distortion_coefficients:
  rows: 1
  cols: 5
  data: [0.003996, -0.016538, -0.000408, 0.000598, 0.000000]
rectification_matrix:
  rows: 3
  cols: 3
  data: [0.999874, 0.003572, -0.015495,
         -0.003475, 0.999974, 0.006314,
         0.015517, -0.006259, 0.999860]
projection_matrix:
  rows: 3
  cols: 4
  data: [150.356657, 0.000000, 167.408194, -8.932259,
         0.000000, 150.356657, 99.143863, 0.000000,
         0.000000, 0.000000, 1.000000, 0.000000]