image_width: 640
image_height: 480
camera_name: left_camera
camera_matrix:
  rows: 3
  cols: 3
  data: [239.008623, 0.000000, 309.519461,
         0.000000, 238.940567, 253.135365,
         0.000000, 0.000000, 1.000000]
distortion_model: plumb_bob
distortion_coefficients:
  rows: 1
  cols: 5
  data: [-0.003177, -0.012170, -0.000060, -0.001240, 0.000000]
rectification_matrix:
  rows: 3
  cols: 3
  data: [0.999988, 0.000011, -0.004942,
         -0.000041, 0.999981, -0.006090,
         0.004942, 0.006090, 0.999969]
projection_matrix:
  rows: 3
  cols: 4
  data: [268.927077, 0.000000, 367.244946, 0.000000,
         0.000000, 268.927077, 271.550426, 0.000000,
         0.000000, 0.000000, 1.000000, 0.000000]