image_width: 1280
image_height: 720
camera_name: elp_left
camera_matrix:
  rows: 3
  cols: 3
  data: [487.580972, 0.000000, 628.423138,
         0.000000, 488.522161, 355.648437,
         0.000000, 0.000000, 1.000000]
distortion_model: plumb_bob
distortion_coefficients:
  rows: 1
  cols: 5
  data: [0.006076, -0.018587, -0.000351, 0.002266, 0.000000]
rectification_matrix:
  rows: 3
  cols: 3
  data: [0.999952, 0.005700, -0.007932,
         -0.005769, 0.999946, -0.008653,
         0.007883, 0.008698, 0.999931]
projection_matrix:
  rows: 3
  cols: 4
  data: [519.292153, 0.000000, 716.214737, 0.000000,
         0.000000, 519.292153, 385.428020, 0.000000,
         0.000000, 0.000000, 1.000000, 0.000000]