image_width: 320
image_height: 240
camera_name: right_camera
camera_matrix:
  rows: 3
  cols: 3
  data: [119.320682, 0.000000, 158.534764,
         0.000000, 118.964930, 124.801376,
         0.000000, 0.000000, 1.000000]
distortion_model: plumb_bob
distortion_coefficients:
  rows: 1
  cols: 5
  data: [-0.003940, -0.012819, 0.001469, -0.001877, 0.000000]
rectification_matrix:
  rows: 3
  cols: 3
  data: [1.0, 0.0, 0.0,
         0.0, 1.0, 0.0,
         0.0, 0.0, 1.0]
projection_matrix:
  rows: 3
  cols: 4
  data: [119.320682, 0.000000, 158.534764, 7.097073,
         0.000000, 118.964930, 124.801376, 0.000000,
         0.000000, 0.000000, 1.000000, 0.000000]