image_width: 320
image_height: 240
camera_name: left_camera
camera_matrix:
  rows: 3
  cols: 3
  data: [118.779080, 0.000000, 156.367820,
         0.000000, 118.553965, 119.073713,
         0.000000, 0.000000, 1.000000]
distortion_model: plumb_bob
distortion_coefficients:
  rows: 1
  cols: 5
  data: [-0.00131394, -0.01577758, 0.00073986, -0.00030700, 0.000000]
rectification_matrix:
  rows: 3
  cols: 3
  data: [1.000000, 0.000000, 0.000000,
         0.000000, 1.000000, 0.000000,
         0.000000, 0.000000, 1.000000]
projection_matrix:
  rows: 3
  cols: 4
  data: [118.779080, 0.000000, 156.367820, 0.000000,
         0.000000, 118.553965, 119.073713, 0.000000,
         0.000000, 0.000000, 1.000000, 0.000000]