image_width: 320
image_height: 240
camera_name: elp_left
camera_matrix:
  rows: 3
  cols: 3
  data: [119.554890, 0.000000, 155.583329,
         0.000000, 119.578064, 126.033051,
         0.000000, 0.000000, 1.000000]
distortion_model: plumb_bob
distortion_coefficients:
  rows: 1
  cols: 5
  data: [0.003771, -0.016744, -0.000405, 0.000910, 0.000000]
rectification_matrix:
  rows: 3
  cols: 3
  data: [0.999812, 0.003790, 0.019017,
         -0.003670, 0.999973, -0.006322,
         -0.019040, 0.006251, 0.999799]
projection_matrix:
  rows: 3
  cols: 4
  data: [150.356657, 0.000000, 167.408194, 0.000000,
         0.000000, 150.356657, 99.143863, 0.000000,
         0.000000, 0.000000, 1.000000, 0.000000]